0 591 214 177 276 0 59 365 393 
1 591 215 177 276 0 59 365 394 
2 591 214 177 276 0 59 365 391 
3 591 215 178 275 0 59 365 390 
4 590 215 178 275 0 58 365 391 
5 591 218 175 271 0 60 365 389 
6 591 216 176 272 0 61 366 388 
7 592 215 176 273 0 60 367 388 
8 592 215 176 273 0 59 367 388 
9 591 215 177 272 0 60 367 387 
10 592 214 178 274 0 59 367 388 
11 591 215 177 273 0 60 367 387 
12 592 214 176 273 0 60 367 388 
13 592 214 177 275 0 59 366 391 
14 592 214 178 275 0 59 366 391 
15 591 214 178 274 0 58 367 390 
16 591 214 178 274 0 59 366 388 
17 591 214 177 274 0 59 365 390 
18 591 213 176 277 0 58 365 392 
19 590 212 176 278 0 59 364 391 
20 590 214 177 277 0 60 363 388 
21 590 213 176 277 0 60 363 389 
22 590 215 176 276 0 61 364 389 
23 589 215 178 277 0 60 364 393 
24 590 216 178 276 0 63 365 394 
25 588 215 178 278 0 63 366 395 
26 588 213 177 280 0 65 366 393 
27 587 213 177 280 0 66 367 391 
28 585 213 177 281 0 66 367 388 
29 584 214 176 280 0 64 365 390 
30 584 215 176 279 0 64 364 388 
31 584 212 175 281 0 63 364 392 
32 583 211 175 281 0 64 365 391 
33 583 211 175 283 0 62 364 394 
34 583 211 175 281 0 60 363 398 
35 582 210 175 282 0 59 362 398 
36 583 211 174 282 0 59 363 398 
37 583 210 174 283 0 58 362 400 
38 582 209 174 285 0 59 362 399 
39 583 210 174 283 0 59 361 400 
40 582 209 174 285 0 59 362 403 
41 582 209 175 285 0 59 363 403 
42 583 212 174 282 0 59 363 402 
43 583 212 174 282 0 61 363 400 
44 583 211 175 282 0 61 364 396 
45 583 211 175 282 0 62 365 395 
46 583 212 177 281 0 61 365 397 
47 583 212 176 281 0 61 365 397 
48 583 212 176 281 0 62 365 398 
49 583 212 176 281 0 63 365 399 
50 584 213 176 280 0 62 364 402 
51 584 213 175 280 0 61 362 403 
52 584 213 175 279 0 61 362 405 
53 584 214 175 279 0 61 360 405 
54 584 213 176 280 0 60 359 406 
55 584 212 175 280 0 62 357 400 
56 584 211 176 281 0 62 353 399 
57 584 212 175 280 0 62 353 397 
58 584 211 176 281 0 61 344 399 
59 584 211 175 281 0 59 336 405 
60 584 210 176 284 0 59 330 403 
61 584 211 176 282 0 63 318 398 
62 583 211 177 283 
63 582 211 177 283 
64 583 212 177 282 
65 582 211 178 283 
66 582 211 177 283 0 67 267 428 
67 582 210 177 284 0 70 259 427 
68 582 210 178 285 
69 582 210 178 285 
70 582 211 178 284 
71 582 211 178 283 
72 582 211 178 284 
73 582 210 179 285 
74 582 211 180 284 
75 581 210 181 285 
76 582 211 181 284 
77 582 211 181 284 
78 582 210 181 284 
79 583 211 183 283 
80 586 212 182 282 
81 586 211 181 283 
82 587 210 180 282 
83 589 211 181 283 
84 589 211 181 282 
85 590 211 181 282 
86 590 212 181 280 
87 590 210 183 284 
88 590 210 182 284 
89 588 212 184 282 
90 590 210 184 285 
91 591 210 183 284 
92 591 209 183 285 
93 592 206 183 289 
94 591 207 182 288 
95 591 209 182 285 
96 590 210 182 285 
97 590 210 182 285 
98 590 208 183 288 
99 590 207 182 288 
100 590 207 182 288 
101 589 209 182 286 
102 588 208 183 287 
103 588 208 183 285 
104 589 208 182 285 
105 589 197 190 287 
106 590 199 191 284 
107 592 200 191 283 
108 596 197 190 288 
109 599 193 191 294 
110 600 194 190 293 
111 600 192 191 296 
112 599 192 192 296 
113 600 205 192 291 
114 600 192 191 296 
115 600 193 190 293 
116 599 191 192 296 
117 599 191 191 296 
118 600 192 189 295 
119 598 194 187 289 
120 595 194 189 289 
121 594 193 187 289 
122 592 194 188 288 
123 591 195 189 288 
124 591 194 188 288 
125 590 195 187 286 
126 589 195 188 285 
127 589 194 187 286 
128 590 192 187 289 
129 587 194 190 289 
130 586 194 190 291 
131 584 195 192 291 
132 583 195 192 291 
133 582 194 191 291 
134 582 203 186 297 
135 581 205 188 294 
136 581 207 187 291 
137 580 207 187 293 
138 580 208 186 292 
139 580 208 187 293 
140 579 207 188 294 
141 579 206 186 295 
142 579 207 187 296 
143 579 207 186 297 
144 578 208 188 295 
145 579 210 186 295 
146 580 210 185 294 
147 579 211 186 296 
148 580 212 186 296 
149 579 214 188 297 
150 581 216 187 294 
151 581 216 188 293 
152 582 216 188 295 
153 584 218 188 294 
154 585 222 186 290 
155 587 226 186 289 
156 587 226 187 289 
157 589 229 187 285 
158 590 230 187 285 
159 592 231 185 285 
160 593 233 187 283 
161 594 234 187 283 
162 597 238 185 276 
163 597 242 190 291 
164 599 243 188 290 
165 602 235 185 283 
166 602 247 187 284 
167 604 251 186 281 
168 611 250 185 280 
169 611 252 188 279 
170 612 253 188 280 
171 613 255 192 278 
172 615 256 192 276 
173 617 256 190 277 
174 619 258 189 277 
175 623 261 187 275 
176 626 263 185 274 
177 629 262 183 271 
178 632 263 181 271 
179 633 262 181 272 
180 632 262 183 273 
181 632 263 183 272 
182 633 264 181 273 
183 633 261 185 277 
184 633 261 186 280 
185 636 264 184 277 
186 636 267 186 277 
187 636 268 186 277 
188 636 270 186 275 
189 637 272 184 273 
190 638 271 185 276 
191 639 272 185 275 
192 640 272 183 276 
193 640 272 185 277 
194 640 273 188 277 
195 639 272 192 278 
196 646 284 189 258 
197 648 283 188 259 
198 650 288 186 254 
199 650 296 187 254 
200 654 296 185 255 
201 651 315 199 218 
202 652 319 199 212 
203 653 317 201 214 
204 654 317 202 216 
205 656 320 204 212 
206 660 321 201 209 
207 661 326 197 205 
208 662 328 196 203 
209 663 329 197 203 
210 662 327 196 204 
211 660 326 199 204 
212 661 325 199 206 
213 662 326 194 205 
214 662 327 195 205 
215 662 327 195 205 
216 663 330 195 202 
217 663 332 195 200 
218 662 331 195 201 
219 662 329 194 203 
220 661 328 196 205 
221 660 327 197 206 
222 659 327 200 205 
223 657 327 202 206 
224 656 327 203 205 
225 656 326 204 207 
226 656 326 203 206 
227 657 327 199 206 
228 655 325 201 206 
229 655 326 201 206 
230 655 323 206 209 
231 656 323 206 212 
232 660 321 220 218 
233 663 319 235 221 
234 666 312 244 230 
235 667 309 252 233 
236 666 309 264 231 
237 665 310 276 229 
238 660 307 291 233 
239 662 313 291 224 
240 676 314 284 220 
241 679 320 282 215 
242 684 326 273 207 
243 695 328 255 204 
244 706 325 245 205 
245 715 321 236 209 
246 725 319 222 208 
247 734 318 212 208 
248 740 308 209 216 
249 747 301 203 222 
250 755 303 196 209 
251 763 301 188 204 
252 775 293 177 215 
253 783 290 174 214 
254 794 286 168 212 
255 800 280 162 219 
256 816 272 145 203 
257 824 267 136 210 
258 830 266 128 210 
259 
260 
261 
262 
263 
264 
265 
266 
267 
268 
269 
270 
271 
272 
273 
274 
275 
276 
277 
278 
279 
280 
281 
282 
283 
284 
285 
286 
287 
288 
289 
290 
291 
292 
293 
294 
295 
296 
297 
298 
299 
300 
301 
302 
303 
304 
305 
306 
307 
308 
309 
310 
311 
312 
313 
314 
315 
316 
317 
318 
319 
320 
321 
322 
323 
324 
325 
326 
327 
328 
329 
330 
331 
332 830 266 130 199 
333 823 268 138 196 
334 807 267 150 201 
335 802 268 155 201 
336 796 270 162 201 
337 790 271 165 201 
338 783 271 168 202 
339 770 273 183 205 
340 761 276 193 197 
341 748 281 208 188 
342 734 281 222 185 
343 723 284 233 181 
344 718 295 230 185 
345 710 295 237 185 
346 703 296 245 187 
347 692 298 256 183 
348 683 297 270 186 
349 676 299 280 182 
350 650 292 311 195 
351 645 291 320 198 
352 640 291 327 197 
353 637 291 331 197 
354 632 290 332 197 
355 630 291 329 193 
356 622 295 329 186 
357 621 294 326 187 
358 618 296 324 183 
359 614 298 325 180 
360 611 296 327 185 
361 605 296 331 183 
362 598 296 335 184 
363 590 297 343 181 
364 578 296 352 182 
365 572 298 356 178 
366 567 298 363 178 
367 541 298 412 159 
368 555 292 354 169 
369 551 292 360 168 
370 549 293 357 165 
371 543 292 358 164 
372 543 290 346 165 
373 538 287 352 167 
374 535 286 353 168 
375 531 285 351 170 
376 529 284 350 172 
377 528 285 347 170 
378 528 281 347 175 
379 527 279 346 174 
380 526 277 341 174 
381 524 275 345 177 
382 524 273 342 179 
383 522 271 340 181 
384 523 269 336 185 
385 522 270 339 183 
386 520 270 340 184 
387 522 269 335 186 
388 522 268 335 188 
389 524 269 336 189 
390 523 269 338 188 
391 524 266 337 191 
392 526 266 338 190 
393 530 264 335 192 
394 531 265 332 191 
395 530 265 338 192 
396 533 264 328 192 
397 533 263 326 195 
398 534 263 315 195 
399 535 261 313 196 
400 533 260 315 196 
401 534 259 315 197 
402 534 258 315 198 
403 529 259 317 196 
404 528 258 315 195 
405 528 258 314 194 
406 525 257 316 194 
407 524 257 316 193 
408 522 258 318 193 
409 521 258 315 193 
410 520 257 314 193 
411 518 258 316 192 
412 516 258 317 192 
413 515 256 317 194 
414 515 256 317 194 
415 515 255 318 195 
416 516 256 317 193 
417 516 255 318 194 
418 516 257 317 192 
419 517 256 316 194 
420 518 256 316 194 
421 520 257 315 194 
422 520 258 316 193 
423 521 256 316 196 
424 521 256 316 196 
425 521 256 318 195 
426 520 255 320 196 
427 522 256 318 195 
428 523 256 317 196 
429 523 256 319 196 
430 522 256 318 194 
431 522 257 319 193 
432 522 255 320 196 
433 523 256 319 196 
434 525 255 317 197 
435 526 255 316 197 
436 525 255 318 197 
437 525 256 318 197 
438 525 255 321 198 
439 523 256 322 196 
440 526 255 319 197 
441 524 256 321 196 
442 524 256 322 196 
443 525 256 321 196 
444 525 255 321 197 
445 526 255 319 198 
446 525 255 320 198 
447 526 255 321 199 
448 526 256 319 196 
449 525 255 318 197 
450 527 254 316 200 
451 526 254 315 200 
452 525 254 317 201 
453 524 254 319 201 
454 524 254 321 200 
455 523 254 322 200 
456 524 254 323 200 
457 524 255 321 199 
458 525 255 320 199 
459 526 255 320 200 
460 526 254 319 201 
461 528 254 319 202 
462 532 254 316 204 
463 530 254 318 203 
464 528 255 319 201 
465 529 256 317 200 
466 528 256 317 201 
467 528 254 320 202 
468 528 254 322 202 
469 526 255 322 201 
470 525 255 321 201 
471 524 256 321 200 
472 521 258 321 199 
473 519 258 319 200 
474 518 258 322 199 
475 518 258 323 201 
476 520 257 322 200 
477 521 256 321 201 
478 522 253 324 205 
479 523 251 327 206 
480 526 250 326 208 
481 527 250 325 209 
482 529 251 324 210 
483 531 248 323 214 
484 533 249 323 214 
485 533 250 323 214 
486 535 248 326 213 
487 536 245 328 215 
488 536 244 328 216 
489 535 245 328 214 
490 533 245 331 214 
491 534 246 327 213 
492 534 246 327 213 
493 533 244 329 215 
494 533 245 325 214 
495 533 242 328 217 
496 531 244 326 213 
497 533 244 323 213 
498 534 243 326 213 
499 535 243 327 213 
500 537 240 325 217 
501 536 242 325 213 
502 536 242 324 213 
503 537 241 322 214 
504 536 240 322 215 
505 536 239 321 217 
506 536 239 320 215 
507 536 239 320 215 
508 536 237 319 217 
509 537 239 318 215 
510 535 237 319 218 
511 535 239 317 214 
512 536 237 318 215 0 119 172 411 
513 536 238 320 214 
514 535 237 318 216 
515 536 236 317 215 
516 535 236 317 215 
517 535 234 318 218 0 118 238 409 
518 535 234 315 216 0 114 256 412 
519 534 235 318 217 0 111 266 415 
520 535 237 316 216 2 108 271 421 
521 534 238 316 214 2 100 279 437 
522 536 235 316 218 
523 537 236 314 217 
524 535 234 317 217 1 85 315 426 
525 536 232 316 220 0 82 336 429 
526 535 230 316 220 0 84 346 427 
527 536 232 316 218 0 84 353 426 
528 539 232 311 220 0 83 359 429 
529 540 234 313 217 0 86 365 424 
530 540 233 312 217 0 85 372 425 
531 540 232 313 217 0 86 384 423 
532 542 231 314 217 0 83 389 429 
533 542 230 315 219 3 82 401 430 
534 543 229 315 218 6 87 404 418 
535 543 229 316 220 
536 543 229 317 220 
537 544 230 316 218 
538 545 229 316 218 16 84 432 418 
539 547 228 316 218 
540 545 228 319 218 
541 544 227 323 218 
542 546 228 320 218 
543 545 231 320 216 
544 545 227 320 220 
545 546 227 317 220 
546 545 228 317 218 
547 544 229 319 217 22 77 430 431 
548 544 229 318 217 23 78 428 430 
549 543 227 319 221 
550 543 230 317 217 21 79 430 423 
551 541 232 316 215 
552 540 232 318 216 
553 541 231 315 216 17 82 436 421 
554 540 232 313 214 19 82 433 421 
555 539 232 313 215 16 82 439 420 
556 538 231 314 218 14 83 442 418 
557 538 231 313 218 13 83 443 419 
558 538 231 313 217 14 84 440 418 
559 536 232 315 218 13 85 440 414 
560 536 232 314 217 14 85 437 416 
561 533 233 318 217 15 90 432 409 
562 532 233 319 216 12 92 436 409 
563 530 232 320 219 4 85 421 419 
564 532 232 317 218 5 88 412 413 
565 531 232 319 219 5 91 405 410 
566 530 232 317 219 4 92 395 409 
567 530 231 316 220 0 96 386 407 
568 529 231 316 221 0 95 377 410 
569 530 230 315 220 0 95 366 409 
570 529 231 316 220 0 96 360 406 
571 529 230 316 221 0 119 356 393 
572 528 230 314 221 0 119 348 394 
573 527 229 317 221 0 116 331 403 
574 527 230 317 222 3 113 314 409 
575 524 231 321 221 4 113 305 411 
576 525 230 320 222 10 115 285 408 
577 524 231 321 222 3 112 277 414 
578 524 233 320 220 3 112 269 420 
579 524 234 321 217 0 118 263 407 
580 525 235 319 216 0 121 251 404 
581 524 237 321 214 0 120 235 408 
582 524 236 322 215 0 124 228 406 
583 524 234 322 217 
584 524 235 325 217 
585 525 235 323 217 
586 525 234 321 217 
587 525 234 321 218 
588 523 235 322 217 
589 524 236 323 216 
590 525 235 322 216 
591 526 236 322 216 
592 526 233 322 219 
593 526 232 324 221 
594 528 232 324 222 
595 529 233 324 221 
596 527 232 324 221 
597 528 233 323 221 
598 530 232 321 221 
599 530 232 321 222 
600 529 232 322 220 
601 531 232 322 220 
602 532 231 322 222 
603 532 230 325 225 
604 533 232 324 223 
605 535 229 324 228 
606 534 229 325 227 
607 533 231 326 224 
608 534 231 323 225 
609 533 233 323 223 
610 532 231 324 224 
611 530 231 324 224 
612 529 232 323 223 
613 528 232 323 222 
614 527 232 323 223 
615 526 231 325 223 
616 527 230 326 226 
617 528 230 326 222 
618 528 232 324 223 
619 530 231 325 223 
620 531 230 322 224 
621 531 230 324 223 
622 534 229 323 225 
623 533 229 324 225 
624 534 231 323 223 
625 534 229 323 224 
626 535 231 325 224 
627 536 232 322 224 
628 537 232 323 223 
629 538 231 323 222 
630 538 230 327 224 
631 539 231 326 224 
632 538 232 328 222 
633 539 231 325 225 
634 540 231 327 225 
635 540 229 329 227 
636 541 228 328 227 
637 541 226 327 228 
638 542 227 327 226 
639 542 227 327 227 
640 542 227 326 226 
641 542 227 328 226 
642 542 228 328 226 
643 543 227 329 227 
644 544 229 330 225 
645 544 227 332 226 
646 544 228 335 224 
647 545 227 334 225 
648 546 229 335 224 
649 547 229 332 224 
650 548 228 334 225 
651 550 228 334 225 
652 551 227 336 226 
653 552 227 337 225 
654 552 226 340 225 
655 552 225 342 228 
656 554 225 342 227 
657 553 226 343 227 
658 553 225 346 228 0 63 223 441 
659 553 224 348 229 0 64 229 435 
660 554 224 347 228 0 61 234 434 
661 555 226 347 226 0 56 245 437 
662 555 226 348 226 0 53 252 444 
663 554 225 349 226 0 50 264 442 
664 555 226 349 225 0 48 271 445 
665 556 225 347 226 0 45 276 449 
666 554 225 349 226 3 43 277 446 
667 555 225 349 225 5 39 293 440 
668 557 226 345 225 2 41 305 439 
669 558 225 344 225 0 41 328 437 
670 557 224 346 226 0 45 342 434 
671 557 224 345 227 0 48 353 430 
672 555 224 353 225 0 47 361 430 
673 555 222 351 227 0 48 368 431 
674 556 221 350 228 0 51 377 424 
675 555 221 353 229 0 48 381 424 
676 553 217 357 230 0 46 382 423 
677 552 216 357 231 0 46 381 420 
678 552 214 358 234 0 43 378 425 
679 551 214 357 233 0 46 378 421 
680 551 213 354 233 0 45 373 419 
681 551 212 356 235 0 44 377 416 
682 549 212 358 234 0 42 376 420 
683 549 210 358 236 0 39 378 421 
684 549 210 359 236 0 37 377 424 
685 550 212 357 233 0 37 377 424 
686 551 210 357 234 0 34 378 428 
687 551 209 357 235 0 31 377 432 
688 550 209 360 234 0 32 378 430 
689 559 194 371 247 0 32 378 427 
690 558 195 373 246 0 32 381 425 
691 558 195 373 244 0 30 382 430 
692 557 197 374 240 0 30 380 429 
693 558 194 371 244 0 30 380 429 
694 551 201 362 236 0 14 379 421 
695 548 200 362 235 0 13 379 426 
696 545 200 360 232 0 8 372 433 
697 536 187 385 228 0 13 371 421 
698 537 187 377 226 0 15 367 417 
699 531 189 384 223 0 16 363 416 
700 536 196 341 238 0 15 360 419 
701 532 194 334 242 0 16 356 419 
702 520 196 338 238 0 15 351 421 
703 515 196 341 237 0 11 342 430 
704 509 187 373 226 0 10 340 433 
705 509 184 371 231 0 7 339 437 
706 509 183 365 231 0 6 336 437 
707 503 183 370 231 0 5 331 441 
708 492 185 379 230 1 6 318 438 
709 486 187 381 226 
710 483 186 389 226 
711 481 182 402 227 
712 478 181 404 227 
713 483 180 397 226 
714 485 178 391 229 
715 486 176 385 232 
716 486 172 384 235 
717 488 171 379 234 3 0 273 459 
718 489 167 377 236 1 0 274 461 
719 477 164 359 254 
720 474 163 365 257 
721 466 161 380 263 
722 462 159 389 269 0 0 269 524 
723 459 102 469 340 0 0 260 538 
724 459 92 478 362 0 0 247 548 
725 463 86 465 381 
726 473 78 451 399 0 0 240 554 
727 487 85 449 393 
728 505 82 445 400 
729 512 74 439 414 
730 522 76 421 420 
731 537 84 423 407 
732 552 81 402 412 
733 578 85 380 422 
734 634 112 319 420 
735 679 128 277 395 
736 703 125 253 403 
737 732 54 219 463 
738 743 54 210 460 
739 750 46 207 474 
740 759 33 197 495 
741 764 14 195 515 
742 770 11 192 524 
743 
744 
745 
746 
747 
748 
749 
750 
751 
752 
753 
754 
755 
756 
757 
758 
759 
760 
761 
762 
763 
764 
765 
